Kandali Tarf Rahur,579,19.376663,73.229551,22,0.5,Kandali Tarf Rahur,579
Chariv,1302,19.433398,73.504929,97.272537,0.5,Chariv,1302
Palkhane,720,19.414829,73.088007,21.689829,0.5,Palkhane,720
Thunave,314,19.685813,73.136453,66.575317,0.5,Thunave,314
Musai,1477,19.45496,73.457797,92.45504,0.5,Musai,1477
Hedvali,585,18.628375,73.30401,47.436749,0.5,Hedvali,585
Kalambhe,1299,17.824792,73.939601,55,0.5,Kalambhe,1299
Mamnoli,608,19.266666,73.28333,64.696068,0.5,Mamnoli,608
Mangathane,967,19.50865,73.108588,28.947889,0.5,Mangathane,967
Gorad,477,19.419334,73.201335,34.687508,0.5,Gorad,477
Talavali Tarf Sonale,1837,19.345574,73.167413,22.076263,0.5,Talavali Tarf Sonale,1837
Ashte,466,19.412729,73.515238,103.854149,0.5,Ashte,466
Bhare,1081,19.39259,73.109143,25,0.5,Bhare,1081
Dahigaon,655,19.499997,75.183327,114,0.5,Dahigaon,655
Shahapur,314103,19.449998,73.333329,54,0.5,Shahapur,314103
Ase,4139,20.007258,73.30602,199.178146,0.5,Ase,4139
Shirvanje,644,19.334208,73.511263,66.240295,0.5,Shirvanje,644
Malhed,1181,19.290866,73.444539,77,0.5,Malhed,1181
Varoti,1365,19.892556,72.949514,52.249821,0.5,Varoti,1365
Uchavali,294,19.583645,72.863009,90,0.5,Uchavali,294
Danbav,829,19.333769,73.242132,47.907211,0.5,Danbav,829
Wade,1376,19.805694,72.8929,75.12677,0.5,Wade,1376
Shil,50,19.173965,73.235049,36.204998,0.5,Shil,50
Mahalunge,451,18.492217,72.938328,35.678406,0.5,Mahalunge,451
Vasuri,1773,19.697332,73.076686,45.318741,0.5,Vasuri,1773
Alonde,3029,19.732955,73.07742,45.426468,0.5,Alonde,3029
Shil,697,19.173965,73.235049,36.204998,0.5,Shil,697
Kolimb,720,16.078744,73.464254,51,0.5,Kolimb,720
Ambarnath,137639,19.199996,73.166669,43.302723,0.5,Ambarnath,137639
Kurle,514,19.681478,72.962296,28.459654,0.5,Kurle,514
Devaloli,461,19.122224,73.27717,22.796289,0.5,Devaloli,461
Vadavali Tarf Poulbar,1739,19.51728,73.111508,43.65036,0.5,Vadavali Tarf Poulbar,1739
Rampur,945,19.744859,73.126109,88,0.5,Rampur,945
Mohghar,227,18.928051,72.820864,139,0.5,Mohghar,227
Babhale,730,19.354462,73.468637,79.268768,0.5,Babhale,730
Mangaon (N.V.),6612,19.449729,73.401814,67.10025,0.5,Mangaon (N.V.),6612
Kushivali,290,19.135053,73.17052,63.769341,0.5,Kushivali,290
Sasane,1146,18.784439,72.866667,47,0.5,Sasane,1146
Barhanpur,3522,19.849999,72.933328,48.716293,0.5,Barhanpur,3522
Wadvali,1742,19.266621,72.963368,75,0.5,Wadvali,1742
Sagave,933,16.548349,73.368723,28.991737,0.5,Sagave,933
Koloshi,821,19.232016,73.556468,128,0.5,Koloshi,821
Talavali Tarf Dengachimet,1793,19.781974,72.990635,110,0.5,Talavali Tarf Dengachimet,1793
Gorhe,2303,19.649996,73.016666,39,0.5,Gorhe,2303
Aghai,2276,19.56512,73.237578,74.724945,0.5,Aghai,2276
Bormal,1661,20.191294,72.926746,40.295361,0.5,Bormal,1661
Kedurli,919,19.209076,73.472642,97,0.5,Kedurli,919
Kambe (CT),6642,19.462374,73.615354,143.017807,0.5,Kambe (CT),6642
Dapchari,3645,20.064517,72.899339,77.234573,0.5,Dapchari,3645
Karavale,1118,19.315019,73.332552,21,0.5,Karavale,1118
Dahe,1211,19.686011,73.173313,65.450996,0.5,Dahe,1211
Asnoli Tarf Dugad,506,19.430263,73.08775,31.502384,0.5,Asnoli Tarf Dugad,506
Tembhe,2030,19.648241,73.297045,176.037766,0.5,Tembhe,2030
Kanchad,1371,19.683329,73.016666,49.196571,0.5,Kanchad,1371
Chon,1249,19.190752,73.297175,47.665192,0.5,Chon,1249
Kosbad,2166,20.057304,72.752058,45.258705,0.5,Kosbad,2166
Ghaneghar,1056,19.749334,72.964529,27.651272,0.5,Ghaneghar,1056
Nikavali,524,19.881343,72.908666,40.631996,0.5,Nikavali,524
Pargaon,526,18.549997,74.366667,38,0.5,Pargaon,526
Raitali,2178,19.934303,72.824961,72.787102,0.5,Raitali,2178
Narhen,1341,19.124614,73.124634,22.644445,0.5,Narhen,1341
Kole,267,19.225037,73.356133,80,0.5,Kole,267
Gangangaon,3224,20.048737,72.854464,66.900322,0.5,Gangangaon,3224
Yewai,673,19.316643,73.100417,31.910183,0.5,Yewai,673
Deur,1114,20.00066,72.913573,100,0.5,Deur,1114
Katbao,229,19.432859,73.242406,67.500351,0.5,Katbao,229
Chari Tarf Jamshet,464,19.923851,72.971553,68.578079,0.5,Chari Tarf Jamshet,464
Pali,455,19.666667,73.083327,43.544403,0.5,Pali,455
Goregaon,1579,18.166667,73.299996,25,0.5,Goregaon,1579
Kasa Kh.,1872,19.911985,72.949009,49.69511,0.5,Kasa Kh.,1872
Gondravali,127,19.445065,73.113737,47.72139,0.5,Gondravali,127
Balegaon,1193,17.183328,75.599999,144,0.5,Balegaon,1193
Vilkos Tarf Konpati,574,19.656967,73.140861,50,0.5,Vilkos Tarf Konpati,574
Vilkos tarf Vada,359,19.644497,73.112104,42.845913,0.5,Vilkos tarf Vada,359
Dabhadi,2099,21.549998,74.45,135.541412,0.5,Dabhadi,2099
Deoghar,105,19.253136,73.613882,153,0.5,Deoghar,105
Posari,1279,18.895625,73.147856,30.739876,0.5,Posari,1279
Potgaon,1013,19.256308,73.32076,70,0.5,Potgaon,1013
Bangarchole,459,19.751111,72.970617,28.836977,0.5,Bangarchole,459
Shastrinagar ,590,16.281784,73.786759,65,0.5,Shastrinagar ,590
Vehele,3237,19.374487,73.28317,38.224216,0.5,Vehele,3237
Kudus (CT),7204,19.532613,73.099465,39.974041,0.5,Kudus (CT),7204
Dighephal,105,19.354872,73.650727,124,0.5,Dighephal,105
Mhasaroli,1494,19.722436,72.992227,35.753426,0.5,Mhasaroli,1494
Chikhale,4534,19.003943,73.942791,38,0.5,Chikhale,4534
Bavali,462,19.580601,73.155612,92.237968,0.5,Bavali,462
Chikhale,454,19.003943,73.942791,38,0.5,Chikhale,454
Mamnoli,1044,19.266666,73.28333,61,0.5,Mamnoli,1044
Firangpada,671,19.313033,72.989771,161.493408,0.5,Firangpada,671
Vasuri Kh.,1053,19.568067,73.089946,46.124096,0.5,Vasuri Kh.,1053
Kandali Bk.,694,19.475894,73.160038,42.483593,0.5,Kandali Bk.,694
Majgaon,899,17.549996,74.049999,89,0.5,Majgaon,899
Vikramgad,5991,19.796692,73.094279,59.282112,0.5,Vikramgad,5991
Shil,1165,19.173965,73.235049,36.204998,0.5,Shil,1165
Fansoli,1301,19.231952,73.384121,80,0.5,Fansoli,1301
Wanote,154,19.409858,73.619397,137,0.5,Wanote,154
Shendrun Bk.,813,19.360653,73.376843,77,0.5,Shendrun Bk.,813
Ghadane,351,20.041646,72.85567,63.840672,0.5,Ghadane,351
Pawale,1191,19.300206,73.420968,96,0.5,Pawale,1191
Nane,1397,19.648077,72.974107,22.859983,0.5,Nane,1397
Khoste,354,19.525647,73.2441,109.301552,0.5,Khoste,354
AmbeleKh.,795,19.291693,73.531437,79,0.5,AmbeleKh.,795
Tilase,859,19.650641,73.210184,65.678795,0.5,Tilase,859
Chari Kh.,816,19.782934,72.866317,24.467974,0.5,Chari Kh.,816
Rampur,4888,19.744859,73.126109,91.878967,0.5,Rampur,4888
Nhave,928,18.949998,72.966666,90,0.5,Nhave,928
Sajivali,909,19.498909,73.413994,69.099174,0.5,Sajivali,909
Patilpada,2895,19.99642,72.813041,54.309711,0.5,Patilpada,2895
Arjunali,1580,19.471681,73.374492,52.040154,0.5,Arjunali,1580
Vaghote,244,19.679172,73.003207,46.913551,0.5,Vaghote,244
Umbroli,186,19.16907,73.296307,60.037403,0.5,Umbroli,186
Padale,644,18.507314,73.833541,131,0.5,Padale,644
Vadvali  Tarf Rahur,1582,19.398878,73.208218,24,0.5,Vadvali  Tarf Rahur,1582
Bhadane,1354,20.985365,74.313379,62,0.5,Bhadane,1354
Sonavale,587,19.157434,73.311974,100.816345,0.5,Sonavale,587
Kodad,1819,20.130414,73.002153,60.920345,0.5,Kodad,1819
Varwade,5877,20.16889,72.90427,72.201118,0.5,Varwade,5877
Borsheti,1949,19.833328,72.849996,28.377127,0.5,Borsheti,1949
Chilhar,588,19.767602,72.903717,25.153322,0.5,Chilhar,588
Kawadas,790,19.91257,72.984673,61.7141,0.5,Kawadas,790
Murbad,18725,19.25,73.399996,61,0.5,Murbad,18725
Dengachimet,1445,19.899998,73.133327,170.093933,0.5,Dengachimet,1445
Pimpalgaon,1143,18.733328,73.966666,89,0.5,Pimpalgaon,1143
Bendshil,943,19.107313,73.241848,44.599907,0.5,Bendshil,943
Salivali,1353,19.621154,72.911109,21.314293,0.5,Salivali,1353
Shai,744,18.499048,73.946913,134,0.5,Shai,744
Kewani,2935,19.229676,73.162089,23.985374,0.5,Kewani,2935
Dhanivali,1440,19.260097,73.367068,73,0.5,Dhanivali,1440
Ghonsai,976,19.496195,73.0842,23.647045,0.5,Ghonsai,976
TalvaliBargaon,1229,19.294284,73.611481,138,0.5,TalvaliBargaon,1229
Kharangan,825,19.350962,73.572573,109.205353,0.5,Kharangan,825
Kishor,1067,19.021505,72.84205,58,0.5,Kishor,1067
Kude,1047,19.655149,72.913573,49.585609,0.5,Kude,1047
Sonavale,1164,19.157434,73.311974,158,0.5,Sonavale,1164
Bhaluk,1289,19.306371,73.416991,36,0.5,Bhaluk,1289
Dudhanoli,710,19.218588,73.568249,195,0.5,Dudhanoli,710
Kawale,1023,19.700111,73.113938,54.12875,0.5,Kawale,1023
Asnoli,3068,19.170357,73.327705,59.757843,0.5,Asnoli,3068
Gegaon,1298,19.347164,73.441018,51,0.5,Gegaon,1298
Balivali,410,19.650154,73.213343,56.341034,0.5,Balivali,410
Dhamane,831,19.799999,72.816667,33.404358,0.5,Dhamane,831
Shilonde,2512,20.057381,73.026065,125.16124,0.5,Shilonde,2512
Ranjangaon,338,18.883327,74.583328,116,0.5,Ranjangaon,338
Devali Tarf Kohaj,548,19.6434,73.024801,31.606237,0.5,Devali Tarf Kohaj,548
Salgaon,2379,15.966384,73.740885,34.981213,0.5,Salgaon,2379
Mangaon,486,18.233328,73.28333,55,0.5,Mangaon,486
Khand,1930,19.781903,73.10693,74.683365,0.5,Khand,1930
Male,886,19.696172,73.095495,50.580109,0.5,Male,886
Vada (CT),16750,19.656967,73.140861,57.918728,0.5,Vada (CT),16750
Chinchavali  Tarf Sonale,1138,19.345247,73.114932,27.622738,0.5,Chinchavali  Tarf Sonale,1138
Sonale Kh.,732,19.078628,72.829023,76,0.5,Sonale Kh.,732
Kiravali  Duravali,488,19.418297,73.130229,45.18652,0.5,Kiravali  Duravali,488
Manjali Tarf Barhe,976,19.227164,73.256854,29.268791,0.5,Manjali Tarf Barhe,976
Pachghar,563,18.268812,73.171506,128.005249,0.5,Pachghar,563
Kolthan,1065,19.314614,73.439354,43,0.5,Kolthan,1065
Bamane,714,19.45052,73.348764,41.247776,0.5,Bamane,714
Sangam,691,18.980582,72.828398,26,0.5,Sangam,691
Wadi,3210,19.128312,73.152662,45.641541,0.5,Wadi,3210
Padirpada,204,19.184445,73.317909,41.088207,0.5,Padirpada,204
Kalamdevi,1582,20.067438,73.004877,100.842796,0.5,Kalamdevi,1582
Savaroli (So),2080,19.724777,73.037576,39.483177,0.5,Savaroli (So),2080
Lohape,569,19.494422,73.060991,36.341286,0.5,Lohape,569
Pahare,1159,19.459207,73.0907,39.83493,0.5,Pahare,1159
Ambarnath,12628,19.199996,73.166669,43.302723,0.5,Ambarnath,12628
Belwali ,8,19.420358,73.59769,132.754059,0.5,Belwali ,8
Sane,788,19.389229,73.248523,27.934635,0.5,Sane,788
Chari Bk.,498,19.786857,73.009534,52.184025,0.5,Chari Bk.,498
Malbidi,538,19.411931,73.076357,31.326153,0.5,Malbidi,538
Indgaon,844,19.119345,73.302233,26.499607,0.5,Indgaon,844
Khutghar,1205,19.432913,73.358676,40.618202,0.5,Khutghar,1205
Akegavhan,784,19.841418,72.865191,30.52593,0.5,Akegavhan,784
Mugaon,2037,19.377775,73.457061,73.042213,0.5,Mugaon,2037
Kasgaon,524,19.289674,73.556468,81,0.5,Kasgaon,524
Kapari,399,19.654649,73.221981,61,0.5,Kapari,399
Pilanze Bk.,1327,19.160113,72.99865,26,0.5,Pilanze Bk.,1327
Masale,2033,18.997896,72.830724,106,0.5,Masale,2033
Vavali Tarf Dugad,464,19.420431,73.071669,30.581564,0.5,Vavali Tarf Dugad,464
Vehloli,1697,19.409092,73.299263,56.422222,0.5,Vehloli,1697
Ambeshiv Kh,624,19.202308,73.266195,31.135031,0.5,Ambeshiv Kh,624
Dalonde,649,19.452752,73.094635,36.767704,0.5,Dalonde,649
Achchhad,2770,20.211573,72.88309,56.722687,0.5,Achchhad,2770
Khadaki   Bk.,961,19.377842,72.985465,29.502848,0.5,Khadaki   Bk.,961
Pimparoli,991,19.638477,73.189464,55,0.5,Pimparoli,991
Mahap,323,19.444776,73.165938,43.980877,0.5,Mahap,323
Sange,475,19.635684,72.994773,27.989969,0.5,Sange,475
Shiroshi,1130,19.399998,73.616669,154,0.5,Shiroshi,1130
Waret,819,19.454184,73.083322,28.542097,0.5,Waret,819
Korawale,1793,19.240825,73.479157,110,0.5,Korawale,1793
Jaigaon,496,21.048607,76.53444,148,0.5,Jaigaon,496
Dolhari Kh.,2260,19.821838,73.058237,65.230957,0.5,Dolhari Kh.,2260
Valshet,786,19.420494,73.308951,57.183907,0.5,Valshet,786
Varnol,270,19.545862,73.168888,54.885612,0.5,Varnol,270
Rao,442,19.19824,72.949009,40,0.5,Rao,442
Kharonda,2620,19.955726,73.098383,143,0.5,Kharonda,2620
Nare,1963,19.511512,73.103241,31.617254,0.5,Nare,1963
Vehare,474,19.218612,73.394825,114,0.5,Vehare,474
Patilgaon,1529,16.777105,73.694296,111.154259,0.5,Patilgaon,1529
Onde,1321,19.76456,73.086378,59.752491,0.5,Onde,1321
Kinhavali,3548,19.353508,73.480138,79.495583,0.5,Kinhavali,3548
Dadade,5251,19.837926,73.052838,80.449028,0.5,Dadade,5251
Masavane,795,19.339614,73.32483,34.254589,0.5,Masavane,795
Bhuritek,867,19.807617,73.348525,180.052231,0.5,Bhuritek,867
Daskod,492,18.949368,72.800455,36.224617,0.5,Daskod,492
Kochai,3539,20.19196,72.925386,41.441631,0.5,Kochai,3539
Sape,15,19.141867,73.251472,20.427568,0.5,Sape,15
Karavale  Kh,1237,19.133429,73.130535,26.0515,0.5,Karavale  Kh,1237
Chauk,1328,18.899998,73.233326,37.238976,0.5,Chauk,1328
Bhagdal,531,19.314785,73.384557,60.00481,0.5,Bhagdal,531
Arjunali,577,19.471681,73.374492,52.040154,0.5,Arjunali,577
Kegva,2074,19.840108,73.070612,74.890083,0.5,Kegva,2074
Uchat,475,19.500191,73.112831,30.775333,0.5,Uchat,475
Deope,720,19.248696,73.378238,67,0.5,Deope,720
Sange,1127,19.635684,72.994773,27,0.5,Sange,1127
Alyani,309,19.353195,73.405866,50,0.5,Alyani,309
Kosesari,1092,19.917758,73.021352,72.905075,0.5,Kosesari,1092
Done,1940,19.088196,73.308968,31,0.5,Done,1940
KochareBk.,415,19.337602,73.581932,109,0.5,KochareBk.,415
Kardal,1971,19.58421,72.820529,37.412735,0.5,Kardal,1971
Walshind,1219,19.297948,73.110201,20.284725,0.5,Walshind,1219
Mande,944,19.663002,73.039052,46.104015,0.5,Mande,944
Kakadpada,923,19.363565,73.276072,47.782066,0.5,Kakadpada,923
Devkhope,1862,19.715038,72.798634,20.59009,0.5,Devkhope,1862
ManivaliTarfKhedul,419,19.302244,73.593901,119,0.5,ManivaliTarfKhedul,419
KhutalBangla,510,19.286244,73.52126,65,0.5,KhutalBangla,510
Bhoirgaon,396,19.340693,73.138649,24.009205,0.5,Bhoirgaon,396
Khandeghar,643,19.75207,73.036217,29.985012,0.5,Khandeghar,643
UmaroliBk.,738,19.283612,73.572614,91,0.5,UmaroliBk.,738
Kone,1564,19.618302,73.135698,54.383583,0.5,Kone,1564
Jambhilghar,548,19.165776,73.294178,67.43145,0.5,Jambhilghar,548
Dhamangaon,1896,20.666667,76.016666,20,0.5,Dhamangaon,1896
Sarmal,956,19.414641,73.250735,38.391567,0.5,Sarmal,956
Vandre,1182,18.391386,72.984718,105.972443,0.5,Vandre,1182
Kalamgaon,1167,19.524399,73.339237,150.460541,0.5,Kalamgaon,1167
Mangaon,395,18.233328,73.28333,55,0.5,Mangaon,395
Jamghar,1136,19.230318,73.457847,106.391045,0.5,Jamghar,1136
Nevalpada,912,19.286473,73.502577,79,0.5,Nevalpada,912
Awadhani,2137,19.953142,72.892964,84.745697,0.5,Awadhani,2137
Pimpalshet,1654,19.955195,73.109753,128.942337,0.5,Pimpalshet,1654
Musarne,1481,19.516226,73.084798,30.971409,0.5,Musarne,1481
Anandnagar,552,19.116915,72.847814,49,0.5,Anandnagar,552
Dhekale,1430,19.616353,72.917886,38,0.5,Dhekale,1430
Sukad-amba,1811,20.030459,73.070042,195.579224,0.5,Sukad-amba,1811
Ganjad,1966,19.950231,72.86822,50.679924,0.5,Ganjad,1966
Dhundalwadi,2059,20.031355,72.911762,76.876457,0.5,Dhundalwadi,2059
Sape,1443,19.141867,73.251472,20.427568,0.5,Sape,1443
Khandare,606,19.998364,73.771969,104,0.5,Khandare,606
Ambele Bk.,1086,19.286194,73.456324,81,0.5,Ambele Bk.,1086
Zadkhaire,408,19.533984,73.148842,50.506134,0.5,Zadkhaire,408
Ambiste Kh.,1311,19.608859,73.044955,30.426165,0.5,Ambiste Kh.,1311
Awalwate,829,19.38982,73.127896,28.114584,0.5,Awalwate,829
Jayshet,820,19.593956,72.943154,152.7565,0.5,Jayshet,820
Madh,798,19.149996,72.833329,170,0.5,Madh,798
Dakivali,1358,19.488978,73.072056,27.762955,0.5,Dakivali,1358
Bhopivali,479,19.63971,73.027051,25.859333,0.5,Bhopivali,479
Gorpe,914,19.168565,73.171469,44,0.5,Gorpe,914
Nikane,1975,19.908219,72.872642,40.859291,0.5,Nikane,1975
Khaire,782,19.473491,73.44012,82.476791,0.5,Khaire,782
Brahmangaon,555,20.549997,74.299997,87,0.5,Brahmangaon,555
Umbarkhand,902,19.554371,73.369299,193.897263,0.5,Umbarkhand,902
Shiravali,600,19.161903,73.173313,42.177197,0.5,Shiravali,600
Dapoli,628,17.766666,73.183326,183.256317,0.5,Dapoli,628
Munguste,113,19.651126,73.01451,24.087711,0.5,Munguste,113
Manor (CT),10421,19.722389,72.928887,20.441099,0.5,Manor (CT),10421
Khanivali,2137,19.589004,73.061995,33.06477,0.5,Khanivali,2137
Pofodi,401,19.39095,73.49995,96.759087,0.5,Pofodi,401
Khopivali,1333,19.207348,73.546291,112,0.5,Khopivali,1333
Kukade,886,19.798789,72.822337,29.655647,0.5,Kukade,886
Khed,493,17.716666,73.383329,160,0.5,Khed,493
Sajgaon,194,18.779962,73.31521,90,0.5,Sajgaon,194
Girale,950,19.612557,72.889947,88.327919,0.5,Girale,950
Chambale,1575,19.493021,73.06045,33.748852,0.5,Chambale,1575
Borsheti  Bk.,659,19.822072,72.854502,25.101858,0.5,Borsheti  Bk.,659
Vangani (CT),12628,19.09286,73.297175,34,0.5,Vangani (CT),12628
Ambivali,917,18.423558,73.313117,125.501801,0.5,Ambivali,917
Sapane Kh.,1494,19.665532,73.095126,35.473846,0.5,Sapane Kh.,1494
Kharivali ,1079,19.464946,73.362973,44.128975,0.5,Kharivali ,1079
Manekhind,618,19.409659,73.537278,125.96566,0.5,Manekhind,618
Angaon,4141,19.208081,73.179713,34.457405,0.5,Angaon,4141
Shensari,2001,19.953841,73.025854,94.938568,0.5,Shensari,2001
Moho Bk.,1113,19.743203,73.049382,37.627869,0.5,Moho Bk.,1113
Khaire Tarf Wada,725,19.473491,73.44012,82.476791,0.5,Khaire Tarf Wada,725
Sakawar,3375,19.537943,72.917485,24.290033,0.5,Sakawar,3375
Kolhan,693,19.874392,72.932769,44.188187,0.5,Kolhan,693
Vithobachegaon,1165,19.354746,73.412945,51,0.5,Vithobachegaon,1165
Murbad,3004,19.25,73.399996,74.079414,0.5,Murbad,3004
Murbad,171927,19.25,73.399996,61,0.5,Murbad,171927
Chinchavali  Tarf Rahur,186,19.378261,73.168708,29.931683,0.5,Chinchavali  Tarf Rahur,186
Kolim Sarovar,250,19.687022,73.2441,125.124725,0.5,Kolim Sarovar,250
Gadchinchale,1208,20.066673,73.024967,98.513153,0.5,Gadchinchale,1208
Dahivali,1423,19.255867,72.852498,24.062038,0.5,Dahivali,1423
Wanjale,863,18.456711,73.795335,58,0.5,Wanjale,863
Saigaon,253,19.443761,73.085351,27.917898,0.5,Saigaon,253
Abitghar,2828,19.577526,73.163254,82.289146,0.5,Abitghar,2828
Khairpada,1681,18.783328,73.083327,20.753157,0.5,Khairpada,1681
Milhe,985,19.209495,73.562358,156,0.5,Milhe,985
Veti,2796,19.905952,72.975583,58.390236,0.5,Veti,2796
Dahivali Tarf Korkada,145,19.39459,73.523046,111.151268,0.5,Dahivali Tarf Korkada,145
Khunavade,1636,20.073713,72.791078,52.082642,0.5,Khunavade,1636
Walshet,700,19.423589,73.307494,62.135933,0.5,Walshet,700
Nalimbi,526,19.222548,73.217721,55.141846,0.5,Nalimbi,526
Chinchavali,825,18.966669,73.333329,33,0.5,Chinchavali,825
Devchole,331,19.510792,73.160329,45.153603,0.5,Devchole,331
Kurze,4724,20.099749,72.952807,75.252457,0.5,Kurze,4724
Ambivali ,390,18.423558,73.313117,125.501801,0.5,Ambivali ,390
Vidhe,1188,19.224685,73.495,131,0.5,Vidhe,1188
Vaghivali,1237,19.336193,73.060882,21.883703,0.5,Vaghivali,1237
Tilonde,1776,19.937333,73.063417,141,0.5,Tilonde,1776
Dehari,610,19.205679,73.532541,168,0.5,Dehari,610
Savaroli Kh.,567,19.445809,73.30518,47,0.5,Savaroli Kh.,567
Chinchghar,1749,19.765375,72.994321,31.774097,0.5,Chinchghar,1749
Palsai,1640,19.599997,73.016666,23.90621,0.5,Palsai,1640
Andad,907,19.42561,73.344343,39.380688,0.5,Andad,907
Karanjoti,930,19.412457,73.189537,33.993481,0.5,Karanjoti,930
Cherwali,902,19.369632,73.485783,85.387878,0.5,Cherwali,902
Yashwantnagar,1865,19.306231,72.865812,60,0.5,Yashwantnagar,1865
Sawade,2926,19.801959,73.061188,43,0.5,Sawade,2926
Alyani,1579,19.353195,73.405866,54.663063,0.5,Alyani,1579
Kev,2116,19.717676,72.986654,22.519472,0.5,Kev,2116
Kunde,1326,18.395215,74.002537,75,0.5,Kunde,1326
Babare,312,19.499789,73.521129,190,0.5,Babare,312
Nichole,689,19.587501,73.073811,45.551029,0.5,Nichole,689
Ashivali,5,19.214152,73.092421,21.543396,0.5,Ashivali,5
Kosbad,4479,20.057304,72.752058,45.258705,0.5,Kosbad,4479
Asave,1841,19.947874,72.830139,24.605175,0.5,Asave,1841
Karchonde,731,19.305611,73.615878,162,0.5,Karchonde,731
Vasuri  Bk,1169,19.609603,73.005012,23.050226,0.5,Vasuri  Bk,1169
Chave,1997,19.386946,73.106561,24.699936,0.5,Chave,1997
Moj,942,19.637523,73.212925,57.833614,0.5,Moj,942
Shilshet,708,19.744177,72.959053,28.440855,0.5,Shilshet,708
Cherpoli,6193,19.468833,73.367841,56.692226,0.5,Cherpoli,6193
Mharal Bk (CT),29462,19.221321,73.177737,21.609102,0.5,Mharal Bk (CT),29462
Sakurli,710,19.469306,73.618973,148,0.5,Sakurli,710
Shilottar,333,19.331096,72.930602,24.493784,0.5,Shilottar,333
Dahivali,647,19.255867,72.852498,24.062038,0.5,Dahivali,647
Vavar,2675,20.072342,73.248265,158.838379,0.5,Vavar,2675
Bharodi,1533,18.779224,73.304708,64.173157,0.5,Bharodi,1533
Nimbapur,1903,19.978309,73.006654,96.550499,0.5,Nimbapur,1903
Ghol,1655,19.885672,72.939398,50.849678,0.5,Ghol,1655
Parhe,705,19.255619,73.562358,141,0.5,Parhe,705
Kalamkhand,1164,19.672188,73.025093,36.548355,0.5,Kalamkhand,1164
Chilhar,777,19.767602,72.903717,25.153322,0.5,Chilhar,777
Lahe,1648,19.551484,73.364975,183.934784,0.5,Lahe,1648
Kumbharli,487,17.454335,73.633678,73.481308,0.5,Kumbharli,487
Borgaon,884,16.599996,74.499999,50,0.5,Borgaon,884
Nadgaon ,645,17.466668,73.616669,49.68663,0.5,Nadgaon ,645
Awalegaon,743,16.116667,73.766668,173,0.5,Awalegaon,743
Khoni,2107,19.171452,73.119074,27.45092,0.5,Khoni,2107
Saphale,4396,19.033348,73.024616,55,0.5,Saphale,4396
Ambivali ,1380,18.423558,73.313117,125.501801,0.5,Ambivali ,1380
Amagaon,2185,20.187252,72.878132,38.991898,0.5,Amagaon,2185
Suponde,976,19.68696,73.02126,48.360676,0.5,Suponde,976
Loware,1118,19.745805,72.869271,27.135592,0.5,Loware,1118
Gale,416,19.657932,73.165938,53,0.5,Gale,416
Kudsavare,1172,19.105764,73.296196,36,0.5,Kudsavare,1172
Gundave,850,19.627129,72.89735,26.92255,0.5,Gundave,850
Dighashi,2296,19.477513,73.107297,33,0.5,Dighashi,2296
Sayale,722,18.463226,73.825172,27,0.5,Sayale,722
Netali,388,19.711705,72.88847,23.155018,0.5,Netali,388
Shele,513,19.671995,73.230092,64.76548,0.5,Shele,513
Shilottar,898,19.331096,72.930602,24.493784,0.5,Shilottar,898
Gadadhe,839,19.765001,76.43085,47,0.5,Gadadhe,839
Mahaj,596,19.251475,73.580024,153,0.5,Mahaj,596
Zap,2308,18.963928,72.807497,28.998816,0.5,Zap,2308
Pashane,916,19.409092,73.299268,56.409115,0.5,Pashane,916
Asnoli,246,19.170357,73.327705,59.757843,0.5,Asnoli,246
Amgaon,1328,19.208081,73.179713,34.457405,0.5,Amgaon,1328
Khidse,490,19.783536,73.221717,101.739845,0.5,Khidse,490
Khor,244,19.505431,73.23599,120.720039,0.5,Khor,244
Lap Bk.,1461,19.403521,73.140861,36.909027,0.5,Lap Bk.,1461
Ambarje,1876,19.335919,73.305688,30.725092,0.5,Ambarje,1876
Kolawade,3692,19.773042,72.725919,55,0.5,Kolawade,3692
Mandus,355,19.423837,73.61977,140,0.5,Mandus,355
Patilpada,3658,19.99642,72.813041,54.309711,0.5,Patilpada,3658
Poi,869,19.221052,73.282433,43.015625,0.5,Poi,869
Gawali,943,19.17256,73.474,93,0.5,Gawali,943
Pochade,1046,19.771787,73.158543,85.810036,0.5,Pochade,1046
Kharid,1022,19.393577,73.511973,108.621483,0.5,Kharid,1022
Manmohadi,277,19.81452,73.261198,109.815353,0.5,Manmohadi,277
Lap Kh.,664,19.403699,73.127584,39.41172,0.5,Lap Kh.,664
Dhasai,2148,19.266666,73.599998,131.793564,0.5,Dhasai,2148
Shelwadi,1707,19.69654,72.793062,26.473099,0.5,Shelwadi,1707
Chinchpada  (N.V.),13220,19.749568,73.19562,72.664215,0.5,Chinchpada  (N.V.),13220
Ranshet,2173,19.923671,72.892369,51.804607,0.5,Ranshet,2173
Kambe (CT),5436,19.462374,73.615354,143.017807,0.5,Kambe (CT),5436
Tembhare Bk.,1326,19.269943,73.417163,73.592705,0.5,Tembhare Bk.,1326
Gowade,1042,19.693075,72.867247,20.210394,0.5,Gowade,1042
Uchale,862,19.196049,73.523015,152,0.5,Uchale,862
Khutadi,342,19.46591,73.386633,45.573219,0.5,Khutadi,342
Charoti,4520,19.921133,72.935767,57,0.5,Charoti,4520
Kudavali,2189,19.274351,73.391995,76,0.5,Kudavali,2189
Budhavali,921,19.549066,73.070836,58.435772,0.5,Budhavali,921
Varsale,2542,19.715731,73.246406,110.936531,0.5,Varsale,2542
Kelhe,660,19.475638,73.20281,88.873482,0.5,Kelhe,660
Karand,911,19.21093,73.304766,46.131756,0.5,Karand,911
Bahare,2294,20.043234,72.878132,56,0.5,Bahare,2294
Gates   Kh.,881,19.620865,73.109881,38.962395,0.5,Gates   Kh.,881
Kalamkhande,987,19.243255,73.4442,118,0.5,Kalamkhande,987
Kondhale,2268,19.53046,73.127437,44.838921,0.5,Kondhale,2268
Khutal,514,19.767922,72.899986,26.232714,0.5,Khutal,514
Bohonoli,927,19.151249,73.185906,77.074623,0.5,Bohonoli,927
Dahyale,1348,19.933853,72.961298,60.64378,0.5,Dahyale,1348
ManivaliBk.,1407,19.321188,73.449662,51,0.5,ManivaliBk.,1407
Kakadwal,1879,19.165898,73.144594,29.742464,0.5,Kakadwal,1879
Mainde,1411,19.470262,73.180319,63.812569,0.5,Mainde,1411
Vasantwadi,2009,19.960419,72.813734,21.320274,0.5,Vasantwadi,2009
Jambhe,785,19.800256,73.127644,90.329536,0.5,Jambhe,785
Ghadane,1202,20.041646,72.85567,45,0.5,Ghadane,1202
Kondesakhare,623,18.928051,72.820864,89,0.5,Kondesakhare,623
Jambhe,2050,19.800256,73.127644,90.329536,0.5,Jambhe,2050
Goregaon,495,18.166667,73.299996,25,0.5,Goregaon,495
Dhamatane,1331,19.799999,72.816667,33.404358,0.5,Dhamatane,1331
Panchghar,822,19.462151,73.622865,149.068893,0.5,Panchghar,822
Kondhan,1804,19.752924,72.886744,28.605734,0.5,Kondhan,1804
KhutalBaragaon,1747,19.353423,73.675772,150,0.5,KhutalBaragaon,1747
Vankas,4019,20.083326,72.883329,38.05991,0.5,Vankas,4019
Raipur,2782,21.083326,73.83333,186.1595,0.5,Raipur,2782
Shastrinagar,1450,16.281784,73.786759, ,0.5,Shastrinagar,1450
Shenawe,1663,19.429534,73.457653,100.704727,0.5,Shenawe,1663
Talekhal,489,19.202754,73.530569,146,0.5,Talekhal,489
Dahigaon,776,19.499997,75.183327,114,0.5,Dahigaon,776
Mharas,799,19.209076,73.472642,104,0.5,Mharas,799
Chambharshet,2441,19.953791,73.115936,137.895111,0.5,Chambharshet,2441
Kanvinde,728,19.518468,73.329898,168.120941,0.5,Kanvinde,728
Dhapad,244,19.663436,73.215269,70.837372,0.5,Dhapad,244
Alkhivali,491,19.346757,73.043294,138.33786,0.5,Alkhivali,491
Chalani,3313,19.996852,73.064469,147.634705,0.5,Chalani,3313
Nyahadi,781,19.350633,73.691651,152,0.5,Nyahadi,781
ChafeTarfKhedul,303,19.263728,73.606464,128,0.5,ChafeTarfKhedul,303
Mande,1101,19.663002,73.039052,46.104015,0.5,Mande,1101
Pik,1131,19.730757,73.166675,58.38612,0.5,Pik,1131
Sapane Bk.,1221,19.679773,73.108405,45.567165,0.5,Sapane Bk.,1221
Vevaji,2672,20.132538,72.812802,31.056849,0.5,Vevaji,2672
ManivaliShirvali,1480,19.195268,73.376764,37,0.5,ManivaliShirvali,1480
Pochade,741,19.771787,73.158543,85.810036,0.5,Pochade,741
Askot,356,21.096388,77.058607,81,0.5,Askot,356
Zarali,1338,20.030882,72.754047,21.045835,0.5,Zarali,1338
Avandhe,629,19.601585,73.005619,23,0.5,Avandhe,629
Malinagar ,905,17.904722,75.433991,55,0.5,Malinagar ,905
Savarkhand,737,19.597193,73.15438,59.057953,0.5,Savarkhand,737
Pinjal,911,19.764277,73.200598,85.929398,0.5,Pinjal,911
Vada,178370,19.649996,73.133327,42.046467,0.5,Vada,178370
Bhinar,798,19.4928,72.96082,24.055597,0.5,Bhinar,798
Kharivali Tarf Kohoj,2019,19.630274,73.031298,25,0.5,Kharivali Tarf Kohoj,2019
Shelwali (Khadabachi),1041,19.441006,73.385606,86.943291,0.5,Shelwali (Khadabachi),1041
Chinchavali,879,18.966669,73.333329,44.786667,0.5,Chinchavali,879
Palshin,777,19.951726,73.12543,162.001328,0.5,Palshin,777
Nadgaon (Lonad),3075,19.343804,73.22493,28.107277,0.5,Nadgaon (Lonad),3075
KochareKh.,182,19.345486,73.567651,95,0.5,KochareKh.,182
Vada,23954,19.649996,73.133327,42.046467,0.5,Vada,23954
Kasa Bk,2116,19.912882,73.046431,110.341629,0.5,Kasa Bk,2116
Tokawade,1106,19.309016,73.603805,112,0.5,Tokawade,1106
Mohili Bk.,566,19.426866,73.068566,29.97146,0.5,Mohili Bk.,566
Moho Kh. ,1050,19.726493,73.055285,38.158718,0.5,Moho Kh. ,1050
Khandval,440,19.316411,73.148237,28,0.5,Khandval,440
Khadaki Kh.,765,19.393141,73.003698,32.489704,0.5,Khadaki Kh.,765
Talasari,1087,20.099997,72.916666,61.302418,0.5,Talasari,1087
Mangrul,1941,19.166667,73.149998,29.887651,0.5,Mangrul,1941
Gorad,1455,19.419334,73.201335,34.687508,0.5,Gorad,1455
Murbad,190652,19.25,73.399996,61,0.5,Murbad,190652
Birwadi,3415,18.116667,73.499999,32.356239,0.5,Birwadi,3415
Wadu,107,19.316744,73.311708,21,0.5,Wadu,107
Base,535,19.459678,73.152294,57.31559,0.5,Base,535
Borivali  Tarf Sonale,430,19.333625,73.135491,37.138084,0.5,Borivali  Tarf Sonale,430
Gotheghar (CT),4232,19.452017,73.334025,53.672405,0.5,Gotheghar (CT),4232
Pimpalshet Kh.,606,19.910586,72.877142,47.484848,0.5,Pimpalshet Kh.,606
Haloli,3260,19.669828,72.916527,66.512566,0.5,Haloli,3260
Hireghar,225,19.297585,73.294593,24,0.5,Hireghar,225
Rampur,729,19.744859,73.126109,88,0.5,Rampur,729
Khativali,284,19.413862,73.296064,50.74057,0.5,Khativali,284
Pasheni,232,19.236177,73.36754,56,0.5,Pasheni,232
Ambiwali,267,18.423558,73.313117,125,0.5,Ambiwali,267
Ghotsai,2902,19.278762,73.223521,23.34379,0.5,Ghotsai,2902
Mundwali,879,19.168494,73.23433,24.764164,0.5,Mundwali,879
Hiv,1404,19.405276,73.33899,45.629761,0.5,Hiv,1404
Ashte,1075,19.412729,73.515238,103.854149,0.5,Ashte,1075
Ambadi,3060,19.616668,75.799997,26,0.5,Ambadi,3060
Sakurli,1635,19.469306,73.618973,152.599533,0.5,Sakurli,1635
Kharivali ,1361,19.464946,73.362973,44.128975,0.5,Kharivali ,1361
Abje,949,19.598687,73.0641,40.511227,0.5,Abje,949
Asole,1534,19.271534,73.329604,73,0.5,Asole,1534
Bhatsai,1706,19.432652,73.33589,58.541634,0.5,Bhatsai,1706
Chari Tarf Kotebi,1927,19.940796,72.801373,46.827816,0.5,Chari Tarf Kotebi,1927
Pethranjani,200,19.639666,73.162774,50,0.5,Pethranjani,200
Ron,513,19.245038,73.261793,39.579445,0.5,Ron,513
Sor,793,19.355931,73.204653,21.759243,0.5,Sor,793
Dabhon,489,19.878594,72.848704,34.392628,0.5,Dabhon,489
Dongaste,600,19.521357,73.08204,48.748005,0.5,Dongaste,600
Thune,740,19.404228,73.485783,73,0.5,Thune,740
Sutarpada,4388,20.153156,72.89733,90.613777,0.5,Sutarpada,4388
Jambhurde,1330,17.690829,73.421279,103,0.5,Jambhurde,1330
Mohandul,1982,19.422485,73.190944,41.825378,0.5,Mohandul,1982
Borsheti Kh,737,19.423949,73.326656,36.493637,0.5,Borsheti Kh,737
Saratodi,840,19.546654,72.832024,32.672436,0.5,Saratodi,840
Zadapoli,505,19.745626,73.079948,52,0.5,Zadapoli,505
Talavali Tarf Satkor,2222,19.905976,73.10264,123.92524,0.5,Talavali Tarf Satkor,2222
Lenad Kh.,841,19.389129,73.385606,88.000862,0.5,Lenad Kh.,841
Adivali,624,19.0925,73.066787,31.166595,0.5,Adivali,624
Asnas,596,19.593926,73.009534,40.949474,0.5,Asnas,596
Tute,340,19.45218,73.366449,39.398899,0.5,Tute,340
Khedale,623,20.319942,73.79686,92,0.5,Khedale,623
Kanhol,822,19.17217,73.442224,64,0.5,Kanhol,822
Ghatim,709,19.115315,72.857996,27.702454,0.5,Ghatim,709
Khoni (CT),26016,19.171452,73.119074,27.45092,0.5,Khoni (CT),26016
Sakhare,3354,19.916669,72.799996,126,0.5,Sakhare,3354
Varkhande,1041,20.075262,72.931779,71.240013,0.5,Varkhande,1041
Pali,686,19.666667,73.083327,43.544403,0.5,Pali,686
Shahapur,243393,19.449998,73.333329,54,0.5,Shahapur,243393
Chinchawali,632,18.966669,73.333329,44.786667,0.5,Chinchawali,632
Kurze,5546,20.099749,72.952807,75.252457,0.5,Kurze,5546
Umrothe,506,19.684098,73.13038,56.513958,0.5,Umrothe,506
Ozar,2171,20.005746,73.11947,196.490814,0.5,Ozar,2171
Palsoli,771,19.36385,73.277273,40.570755,0.5,Palsoli,771
Gondade,241,19.451408,73.1611,51.004929,0.5,Gondade,241
Mhaskal,1226,19.283571,73.245979,50,0.5,Mhaskal,1226
Akoli,690,19.834749,72.866317,40,0.5,Akoli,690
Dhavale,1167,18.40056,76.58201,51,0.5,Dhavale,1167
Patilpada,3000,19.99642,72.813041,54.309711,0.5,Patilpada,3000
Ambiste Bk.,1165,19.596572,73.056348,33.594635,0.5,Ambiste Bk.,1165
Mhaswal,1120,19.529348,73.137318,44.492619,0.5,Mhaswal,1120
Manere  (N.V.),8165,19.204711,73.154137,20.113026,0.5,Manere  (N.V.),8165
Dhasai,3053,19.266666,73.599998,116,0.5,Dhasai,3053
Ujjaini,1477,19.787266,73.25055,119.141228,0.5,Ujjaini,1477
Pole,1192,19.764254,72.940151,91.333504,0.5,Pole,1192
Vahuli,818,19.34055,73.145498,24.810951,0.5,Vahuli,818
DongarNhave,1827,19.13481,73.476696,109,0.5,DongarNhave,1827
Bendgaon,828,20.05385,72.998459,127.421776,0.5,Bendgaon,828
Patgaon,628,16.116667,73.95,161,0.5,Patgaon,628
Vadgaon,616,19.274669,73.628601,157,0.5,Vadgaon,616
Kanawe,872,19.385089,73.485694,73.834427,0.5,Kanawe,872
Dohole,1644,19.371948,73.207926,25.359104,0.5,Dohole,1644
Kadivali,328,17.870656,73.222149,179.584274,0.5,Kadivali,328
Kandarwadi,1965,19.969594,73.006015,92.657455,0.5,Kandarwadi,1965
Vashind (CT),20561,19.408226,73.264616,37.854774,0.5,Vashind (CT),20561
Chandrapur,412,19.949998,79.299998,164,0.5,Chandrapur,412
Lalonde,1487,19.79186,72.869271,35.559097,0.5,Lalonde,1487
Halapada,3582,20.05054,72.929456,84.471199,0.5,Halapada,3582
Gorakhpur,4333,20.131613,72.796893,70.055473,0.5,Gorakhpur,4333
Ambhe,1124,19.150391,73.173313,43.623001,0.5,Ambhe,1124
Gargaon,2479,19.746846,73.206927,89.092873,0.5,Gargaon,2479
Vehloli Bk.,2797,19.446596,73.486788,127.587204,0.5,Vehloli Bk.,2797
Tulai,1102,18.590093,73.820299,147,0.5,Tulai,1102
Thune,840,19.404228,73.485783,75.311462,0.5,Thune,840
Dahivali,585,19.255867,72.852498,82,0.5,Dahivali,585
TalwaliTarfGhorad,1067,19.258801,73.544347,131,0.5,TalwaliTarfGhorad,1067
Kisal,1150,19.313358,73.550521,72,0.5,Kisal,1150
Kulhe,493,19.443563,73.477119,108.638374,0.5,Kulhe,493
Savaroli Tarf Rahur,238,19.389639,73.171317,30.322918,0.5,Savaroli Tarf Rahur,238
Kachakoli,869,19.150153,73.422638,101,0.5,Kachakoli,869
Nandap,1166,19.224123,73.138978,36.300835,0.5,Nandap,1166
Kunj,2189,18.481238,73.870501,148,0.5,Kunj,2189
Sapagaon,3160,19.444954,73.355265,43.281734,0.5,Sapagaon,3160
Sarangpuri,1546,19.483269,73.429071,80.16523,0.5,Sarangpuri,1546
Pendhari,451,16.461872,73.509552,82.649323,0.5,Pendhari,451
Khanivare,825,19.168512,73.489178,122,0.5,Khanivare,825
Waghivali,1204,19.288552,73.336106,37,0.5,Waghivali,1204
Akare,2021,19.938434,73.138649,149.300964,0.5,Akare,2021
Sakhare,527,19.916669,72.799996,126,0.5,Sakhare,527
Ainshet,670,19.648521,73.152313,51.307404,0.5,Ainshet,670
Pundhe,858,19.480541,73.331993,121.408768,0.5,Pundhe,858
Vehloli   Kh.,588,19.350435,73.51906,77,0.5,Vehloli   Kh.,588
Kotabi,1507,19.916417,72.79951,26,0.5,Kotabi,1507
Alman,630,19.624275,73.092913,33.462631,0.5,Alman,630
Ambiste,632,19.856616,72.854502,24,0.5,Ambiste,632
Indgaon,1433,19.119345,73.302233,26.499607,0.5,Indgaon,1433
Lenad Bk.,805,19.378555,73.364975,75.422836,0.5,Lenad Bk.,805
Vape,753,19.491668,73.165016,48.792278,0.5,Vape,753
Bapsai,734,19.266666,73.266668,56,0.5,Bapsai,734
Kalambhai,1445,19.569512,73.016643,47.504391,0.5,Kalambhai,1445
Belwad,783,19.646421,73.286856,173.624512,0.5,Belwad,783
Apti Bk.,1343,19.786422,73.019865,51.488655,0.5,Apti Bk.,1343
Chinchale,1449,20.023314,72.906403,76.266594,0.5,Chinchale,1449
Asnoli Tarf Kunde,650,19.45219,73.137911,41.245201,0.5,Asnoli Tarf Kunde,650
Kheware,814,19.233639,73.586649,167,0.5,Kheware,814
Khupari,3043,19.573876,73.088821,60.310802,0.5,Khupari,3043
Udhawa,3026,20.093306,73.003252,76.079414,0.5,Udhawa,3026
Wehelpada,2459,19.831029,73.109555,88.464355,0.5,Wehelpada,2459
Morani,286,19.499759,73.146024,36,0.5,Morani,286
Roadvahal,476,19.530711,73.54631,174.268799,0.5,Roadvahal,476
Hedavali,281,18.503264,73.182561,137,0.5,Hedavali,281
Dalepada,684,19.368406,73.161334,22.488791,0.5,Dalepada,684
Saiwan,2647,19.477239,72.978535,68.674332,0.5,Saiwan,2647
Rampur,975,19.744859,73.126109,91.878967,0.5,Rampur,975
Shelgaon,743,20.783329,76.133328,134,0.5,Shelgaon,743
Savaroli,792,19.718467,73.028032,48.133839,0.5,Savaroli,792
Phanasgaon (N.V.) ,393,19.656967,73.140861,57.918728,0.5,Phanasgaon (N.V.) ,393
Karav,1757,19.108559,72.828186,37,0.5,Karav,1757
Nandiwali Tarf Ambarnath  (N.V.),9020,19.182517,73.192602,55.691067,0.5,Nandiwali Tarf Ambarnath  (N.V.),9020
Vachkole,568,19.329656,73.504832,56.270931,0.5,Vachkole,568
Birwadi,1217,18.116667,73.499999,32.356239,0.5,Birwadi,1217
Ambegaon,1020,19.116667,73.733326,96,0.5,Ambegaon,1020
Sutrakar,8795,20.135526,72.935592,56.206944,0.5,Sutrakar,8795
Khuded,1994,19.82814,73.166043,156.78244,0.5,Khuded,1994
Chandrapur,596,19.949998,79.299998,164,0.5,Chandrapur,596
Shisne,1910,20.023116,72.952776,118.564262,0.5,Shisne,1910
Jale,582,19.537783,73.174788,50.529541,0.5,Jale,582
Zadghar,1505,19.313166,73.639645,131,0.5,Zadghar,1505
Zidake,2729,19.459429,73.072668,24.334333,0.5,Zidake,2729
Navghar,1179,19.324551,72.916527,120.294853,0.5,Navghar,1179
Velgaon,1474,19.771301,72.878105,42.399254,0.5,Velgaon,1474
Gates Bk.,1134,19.244463,73.162711,23.903587,0.5,Gates Bk.,1134
Paraswadi,1399,19.090471,72.900423,21.572523,0.5,Paraswadi,1399
Kushivali,1019,19.135053,73.17052,63.769341,0.5,Kushivali,1019
Jadai,491,19.377461,73.633017,124,0.5,Jadai,491
Dhadhare,1976,19.403755,73.585307,133.430984,0.5,Dhadhare,1976
Kudshet,610,19.402772,73.426216,106,0.5,Kudshet,610
Kandali,295,19.26089,73.572663,131,0.5,Kandali,295
Rahatoli,1425,19.169137,73.28185,64.318985,0.5,Rahatoli,1425
Kawadas,644,19.91257,72.984673,61.7141,0.5,Kawadas,644
Dapivali,516,19.193876,73.254222,23.151417,0.5,Dapivali,516
Ghanode,791,19.784204,73.00846,44.507969,0.5,Ghanode,791
Vaghadi,1560,21.383328,74.849996,159,0.5,Vaghadi,1560
Talavali  Tarf Rahur,609,19.386505,73.217837,23.361917,0.5,Talavali  Tarf Rahur,609
Kelni,464,19.263972,73.279485,70.213661,0.5,Kelni,464
Bhinar,1599,19.4928,72.96082,24.055597,0.5,Bhinar,1599
Tan,43,19.118838,73.251472,35.722946,0.5,Tan,43
Kalamgaon,691,19.524399,73.339237,159,0.5,Kalamgaon,691
Therunde,910,19.915135,72.98218,56.487221,0.5,Therunde,910
Khoste,1169,19.525647,73.2441,109.301552,0.5,Khoste,1169
Kashivali Tarf Dengachimet,928,19.859201,73.171654,192,0.5,Kashivali Tarf Dengachimet,928
Lavale,815,19.420642,73.492806,95.061409,0.5,Lavale,815
Konderi,759,19.295959,73.186938,21.630556,0.5,Konderi,759
Kambe,504,19.462374,73.615354,143.017807,0.5,Kambe,504
Kuyalu,844,19.546182,73.190867,45.586365,0.5,Kuyalu,844
Khadkawane,315,19.80013,72.909188,56.689362,0.5,Khadkawane,315
Bandhghar,1103,19.975718,73.023919,100.444038,0.5,Bandhghar,1103
Tondali,842,17.291913,73.385781,65,0.5,Tondali,842
Devgaon,1547,20.016669,74.266668,43,0.5,Devgaon,1547
Sogwe,2485,19.990724,72.807322,28.551065,0.5,Sogwe,2485
Kalambhe,1157,17.824792,73.939601,55,0.5,Kalambhe,1157
Dahyale,196,19.933853,72.961298,60.64378,0.5,Dahyale,196
Bhuwan,1188,19.219438,73.092556,137,0.5,Bhuwan,1188
Panshet,510,19.358704,73.680109,196,0.5,Panshet,510
Arele,106,19.342953,73.261793,62.030811,0.5,Arele,106
Ambivali  Tarf   Chon,313,19.206623,73.220507,97.60244,0.5,Ambivali  Tarf   Chon,313
Vaishakhare,1587,19.294685,73.632517,162,0.5,Vaishakhare,1587
Nadgaon,1471,17.466668,73.616669,49.68663,0.5,Nadgaon,1471
Shedali,804,18.467164,73.858847,104,0.5,Shedali,804
Khanivali,964,19.589004,73.061995,33.06477,0.5,Khanivali,964
Chandgaon,1742,18.437012,73.026142,137,0.5,Chandgaon,1742
Ojiwale,380,19.268965,73.586603,103,0.5,Ojiwale,380
Somanath,1940,19.101216,72.847008,52,0.5,Somanath,1940
Akhada,630,19.225072,73.140378,35.002934,0.5,Akhada,630
Talothe,529,20.023002,72.892493,67.135338,0.5,Talothe,529
Suksale,1385,19.800499,73.110838,66.427635,0.5,Suksale,1385
Saiwan,2266,19.477239,72.978535,68.674332,0.5,Saiwan,2266
Saparonde,1104,19.521114,73.106977,38.631554,0.5,Saparonde,1104
Galtare,2474,19.658447,72.962296,20.344296,0.5,Galtare,2474
Rankol,2917,19.905501,72.856579,40.856239,0.5,Rankol,2917
Eklahare,521,19.282252,73.620874,126,0.5,Eklahare,521
Saras Ohol,349,19.644497,73.112104,42.845913,0.5,Saras Ohol,349
Murhe,549,19.376769,73.13201,38.934109,0.5,Murhe,549
Kandali Kh.,128,19.470976,73.168888,45.616653,0.5,Kandali Kh.,128
Pisawali  (N.V.),31202,19.216722,73.121707,26.745104,0.5,Pisawali  (N.V.),31202
Kanhor,1633,19.134306,73.28751,35,0.5,Kanhor,1633
Dimbhe,397,19.537605,73.213865,75.307228,0.5,Dimbhe,397
Shiroshi,942,19.399998,73.616669,180.245697,0.5,Shiroshi,942
Gargaon,963,19.746846,73.206927,89.092873,0.5,Gargaon,963
Nadhai,1116,18.470552,73.863828,77,0.5,Nadhai,1116
AmbeTembhe,554,19.145753,73.471085,28,0.5,AmbeTembhe,554
Thune Bk.,993,19.426745,73.479892,96.018013,0.5,Thune Bk.,993
Bharad,1859,19.898144,72.925386,38.225018,0.5,Bharad,1859
Kasagaon,930,19.448378,73.384998,49.407005,0.5,Kasagaon,930
Taharpur,714,19.549997,73.249997,73.423737,0.5,Taharpur,714
Madacha  Pada,652,19.92008,73.0907,109,0.5,Madacha  Pada,652
Bilavali,1042,19.543721,73.079399,45.393055,0.5,Bilavali,1042
Vajreshwari,2414,19.216626,73.195093,40.298683,0.5,Vajreshwari,2414
Utavali,717,19.698236,73.101344,54.27948,0.5,Utavali,717
Shende,920,19.503311,73.373817,161.699478,0.5,Shende,920
Malwade,2974,19.732231,73.153188,54,0.5,Malwade,2974
Apti,448,19.643649,73.025031,27,0.5,Apti,448
Konsai,900,19.614255,73.101028,36.788979,0.5,Konsai,900
Umbar Pada Nandade (CT),7605,19.286525,73.475473,104.050026,0.5,Umbar Pada Nandade (CT),7605
Met,989,19.495337,73.092175,28.052927,0.5,Met,989
Alawe,351,19.436462,73.631545,143,0.5,Alawe,351
Vikramgad (CT),5991,19.797261,73.095565,58.737106,0.5,Vikramgad (CT),5991
Karanje,601,19.685656,73.124634,49.146694,0.5,Karanje,601
Kiravali,338,19.639355,73.131599,41.266266,0.5,Kiravali,338
Damkhind,596,19.758194,72.884841,31.645012,0.5,Damkhind,596
Piwali,649,19.488145,73.208475,74,0.5,Piwali,649
Khaling Bk.,1304,19.372479,73.15007,31,0.5,Khaling Bk.,1304
Pilanze Kh.,843,19.38832,73.056761,30,0.5,Pilanze Kh.,843
Chinchare,913,19.841909,72.851098,26.215078,0.5,Chinchare,913
Dhargaon,999,19.794726,73.520972,72,0.5,Dhargaon,999
Makane Kapase,2146,19.568283,72.811218,22.93453,0.5,Makane Kapase,2146
Kashivali Tarf Alonde,455,19.676049,73.086414,35.191975,0.5,Kashivali Tarf Alonde,455
Vasant  Shelvali,1641,19.218138,73.220507,61.65519,0.5,Vasant  Shelvali,1641
Khubale,913,20.052791,72.942004,86.984642,0.5,Khubale,913
Posheri,1533,19.671691,73.061926,48.960129,0.5,Posheri,1533
Ambivali,798,18.423558,73.313117,125.501801,0.5,Ambivali,798
Shivale,1952,18.649946,73.776,88,0.5,Shivale,1952
Dangurle,640,18.928051,72.820864,117,0.5,Dangurle,640
Virhe,413,19.783779,73.216083,91.077148,0.5,Virhe,413
Mos,358,19.313992,73.206497,25.687567,0.5,Mos,358
Pendhari,281,16.461872,73.509552,199,0.5,Pendhari,281
Padghe,2663,19.36667,73.183326,24.341679,0.5,Padghe,2663
Khateghar,963,19.246913,73.44029,84,0.5,Khateghar,963
Gaurapur,1558,19.591116,73.043848,38.697144,0.5,Gaurapur,1558
Palheri,788,19.522288,73.416571,184.639572,0.5,Palheri,788
Anandpur,687,19.860737,73.013962,162.941345,0.5,Anandpur,687
Kinhawali,2163,19.353508,73.480138,79.495583,0.5,Kinhawali,2163
Ambivali Tarf Vasundri,161,19.318771,73.243913,31.279438,0.5,Ambivali Tarf Vasundri,161
Walve,1296,19.805191,72.81462,40.735619,0.5,Walve,1296
KalambadMu,408,19.222615,73.570863,161,0.5,KalambadMu,408
Pokharan,622,19.22837,72.946593,119.227402,0.5,Pokharan,622
Umbroli  (N.V.),946,19.179783,73.303071,60,0.5,Umbroli  (N.V.),946
Shil ,616,19.173965,73.235049,36.204998,0.5,Shil ,616
Dehanoli,865,19.268083,73.442877,75,0.5,Dehanoli,865
Bedisgaon,904,19.393982,73.469645,76.545662,0.5,Bedisgaon,904
Pimpaloli,269,17.939896,73.315511,87.083412,0.5,Pimpaloli,269
Pimpalgaon,854,18.733328,73.966666,89,0.5,Pimpalgaon,854
Uparale,1489,19.790226,73.026115,80.947227,0.5,Uparale,1489
Savaroli Bk.,1581,19.360114,73.544032,102.047043,0.5,Savaroli Bk.,1581
Bhopoli,1454,19.760772,72.981132,45.293465,0.5,Bhopoli,1454
Vada,154416,19.649996,73.133327,42.046467,0.5,Vada,154416
Hamarapur,913,19.688189,72.952636,23.914587,0.5,Hamarapur,913
Bavghar,593,19.335829,73.331867,57.815884,0.5,Bavghar,593
Deogaon,2645,20.733329,78.483329,57,0.5,Deogaon,2645
Gowane,2051,19.899998,72.799996,24.168663,0.5,Gowane,2051
Pali,792,19.666667,73.083327,43.544403,0.5,Pali,792
Mharal Kh.(N.V),2163,19.243048,73.179212,24.999962,0.5,Mharal Kh.(N.V),2163
Khutal,549,19.767922,72.899986,26.232714,0.5,Khutal,549
Dhaniwari,1390,19.978202,72.91948,76.379028,0.5,Dhaniwari,1390
Atgaon,2453,19.499997,73.333329,140.16922,0.5,Atgaon,2453
Vafe,3760,19.434574,73.348399,42.64996,0.5,Vafe,3760
Dahivali ,827,19.255867,72.852498,24.062038,0.5,Dahivali ,827
Bandhivali,858,19.191253,73.497565,153,0.5,Bandhivali,858
Anandnagar ,487,19.116915,72.847814,49,0.5,Anandnagar ,487
Vehaloli,345,19.617064,72.926381,29.150705,0.5,Vehaloli,345
Kharivali,821,19.464946,73.362973,44.128975,0.5,Kharivali,821
Chinchghar,2287,19.765375,72.994321,31.774097,0.5,Chinchghar,2287
Boriwali,418,19.233329,72.849996,71,0.5,Boriwali,418
Gunde,1180,19.437286,73.63146,150.585114,0.5,Gunde,1180
Tembhurli,722,19.430929,73.593357,134.340668,0.5,Tembhurli,722
Mandwat,177,19.239417,73.576695,132,0.5,Mandwat,177
Karwale,1489,19.569542,72.847117,35.38847,0.5,Karwale,1489
Nandeni,427,18.510441,73.818224,95,0.5,Nandeni,427
Usar,1202,19.525373,73.120208,37.888149,0.5,Usar,1202
Phalegaon,2263,19.322754,73.266722,28.209648,0.5,Phalegaon,2263
Tornae,470,19.565571,73.179212,72.531944,0.5,Tornae,470
Karanjvira,1213,18.478165,73.01744,82.036324,0.5,Karanjvira,1213
Bhinar,157,19.4928,72.96082,24.055597,0.5,Bhinar,157
Talawade,3582,16.415881,73.488534,20.976183,0.5,Talawade,3582
Moroshi,142,19.343503,73.691035,155,0.5,Moroshi,142
Talasari,4374,20.099997,72.916666,61.302418,0.5,Talasari,4374
Apti Kh.,460,19.685752,73.077051,46.037693,0.5,Apti Kh.,460
Vangarje,2702,19.875971,72.965271,77.718887,0.5,Vangarje,2702
Sawarkhand,1274,19.721517,72.92922,20,0.5,Sawarkhand,1274
Dolhari Bk.,2252,19.826747,73.019865,81.901634,0.5,Dolhari Bk.,2252
Shelti,154,19.916198,72.84564,48.152367,0.5,Shelti,154
Pise,1120,19.323656,73.179212,31,0.5,Pise,1120
Khativali,2951,19.413862,73.296064,50.74057,0.5,Khativali,2951
Pali,1567,19.666667,73.083327,43.544403,0.5,Pali,1567
Manjare,981,19.131638,72.850905,22.886522,0.5,Manjare,981
Rayate,2516,19.25,73.216668,32.579964,0.5,Rayate,2516
Kosale,1237,19.37348,73.265014,32.61216,0.5,Kosale,1237
Khaling Kh.,601,19.365083,73.116257,25.386759,0.5,Khaling Kh.,601
Thakare Nagar ,913,19.325112,73.425388,42,0.5,Thakare Nagar ,913
Partoli,546,19.367034,73.473263,69.03595,0.5,Partoli,546
Pimploli ,1019,19.172332,73.330004,44.897793,0.5,Pimploli ,1019
Bhanapur,1090,19.747615,73.109881,74.991318,0.5,Bhanapur,1090
Chane,843,19.447913,73.104348,38.069916,0.5,Chane,843
Ambivali Tarf Bahare,2055,20.001802,72.928734,99.335007,0.5,Ambivali Tarf Bahare,2055
Deharje,2276,19.764461,73.053535,44.933624,0.5,Deharje,2276
Nandore,2344,19.728494,72.810189,21.178589,0.5,Nandore,2344
Vehale,956,19.370692,73.282282,42.304504,0.5,Vehale,956
Kankradi,1769,19.993284,72.752566,20,0.5,Kankradi,1769
Vaghivali,253,19.336193,73.060882,21.883703,0.5,Vaghivali,253
Ravate,927,18.565309,73.80729,21,0.5,Ravate,927
Khandape,1066,18.872686,73.380058,69,0.5,Khandape,1066
Karsud,2562,19.802251,72.99328,40.760342,0.5,Karsud,2562
Shilottar,400,19.331096,72.930602,24.493784,0.5,Shilottar,400
Nandare,444,19.229756,73.139424,21.640347,0.5,Nandare,444
Chendavali,555,19.563019,73.196573,57,0.5,Chendavali,555
Khandape,1233,18.872686,73.380058,81.167259,0.5,Khandape,1233
Nandithane,1297,19.387791,73.079934,21.190565,0.5,Nandithane,1297
Rampur,598,19.744859,73.126109,91.878967,0.5,Rampur,598
Dhadhare,568,19.403755,73.585307,133.430984,0.5,Dhadhare,568
Ambeshiv Bk,1633,19.195613,73.272113,38.954727,0.5,Ambeshiv Bk,1633
Chinchvali,376,18.966669,73.333329,98,0.5,Chinchvali,376
Khodade,180,17.347901,73.337096,107.259048,0.5,Khodade,180
Wasar  (N.V.),4541,19.18212,73.153104,23,0.5,Wasar  (N.V.),4541
Vedhe,870,19.447982,73.065873,33.090279,0.5,Vedhe,870
Ambedhe,817,19.85736,72.904725,42.547577,0.5,Ambedhe,817
Pimpalshet Bk.,1515,19.853468,72.999945,87.663078,0.5,Pimpalshet Bk.,1515
Pimpalghar,1736,19.267368,73.5717,107,0.5,Pimpalghar,1736
Khamloli,1534,19.666667,72.866667,42.232395,0.5,Khamloli,1534
Dabhon,3444,19.878594,72.848704,54,0.5,Dabhon,3444
Ambarnath,125011,19.199996,73.166669,43.302723,0.5,Ambarnath,125011
Vadavali Tarf Sonale,257,19.633857,73.222812,73,0.5,Vadavali Tarf Sonale,257
Ambeghar Dharampur,921,19.947334,73.020216,79.934372,0.5,Ambeghar Dharampur,921
Temgaon,334,19.268673,73.371509,68,0.5,Temgaon,334
Kharivali Tarf Poulbar,855,19.545947,73.086382,56.860348,0.5,Kharivali Tarf Poulbar,855
Upalat,10893,20.210687,72.900022,36.088955,0.5,Upalat,10893
Kalambholi,430,19.652754,73.218099,60.618359,0.5,Kalambholi,430
Osarvira,1494,19.973625,72.942351,102.6922,0.5,Osarvira,1494
Dawadi (N.V.),8269,19.198518,73.11513,20.625334,0.5,Dawadi (N.V.),8269
Karhe,1378,21.554659,76.890237,149,0.5,Karhe,1378
Tembholi,430,19.779438,73.163738,88.894997,0.5,Tembholi,430
Kakole,597,19.158651,73.180386,42,0.5,Kakole,597
Harosale,704,19.664143,73.155843,58.130005,0.5,Harosale,704
Akaloli,2942,19.489878,73.042417,20.860075,0.5,Akaloli,2942
Vadvali Tarf  Sonale,98,19.380713,73.140459,50.919147,0.5,Vadvali Tarf  Sonale,98
Vadavali Tarf Gaon,569,19.807101,73.271376,127.762337,0.5,Vadavali Tarf Gaon,569
Potkhal,905,19.703271,73.115666,48.588047,0.5,Potkhal,905
Shirpur,424,21.349999,74.883329,134,0.5,Shirpur,424
Shere,1935,19.368572,73.304546,66.776695,0.5,Shere,1935
Valkas,437,19.370279,73.230829,20.210558,0.5,Valkas,437
Talasari,154818,20.099997,72.916666,61.302418,0.5,Talasari,154818
Shei,979,19.358351,73.303071,73.038689,0.5,Shei,979
Kudan,2334,19.783328,73.083327,48.321732,0.5,Kudan,2334
Depoli,675,19.406042,73.046431,48.329414,0.5,Depoli,675
Asangaon,1333,19.449998,73.299996,74,0.5,Asangaon,1333
Vedvahal,589,19.524124,73.205757,87.857887,0.5,Vedvahal,589
Kalambholi,252,19.652754,73.218099,60.618359,0.5,Kalambholi,252
Ovali,1566,19.258821,73.056761,24.360315,0.5,Ovali,1566
Pachon,82,19.198236,73.274947,53.278786,0.5,Pachon,82
Jambhivali Tarf Khambale,1007,19.437921,73.119077,29,0.5,Jambhivali Tarf Khambale,1007
Asose,681,19.307052,73.308968,31,0.5,Asose,681
Parali,1003,19.716667,73.249997,119.667656,0.5,Parali,1003
Dolkhamb,2257,19.487687,73.587066,155.066849,0.5,Dolkhamb,2257
Shelpada,537,19.708446,73.119621,49.745495,0.5,Shelpada,537
Narayangaon,429,19.116667,73.983328,127,0.5,Narayangaon,429
Umbarkhand,677,19.554371,73.369299,193.897263,0.5,Umbarkhand,677
Bapugaon,1780,19.945642,73.000503,70.339813,0.5,Bapugaon,1780
Sonshiv,723,19.659783,73.184937,54.945992,0.5,Sonshiv,723
Jambhivali  Tarf Kunde,863,19.451264,73.17698,36.987083,0.5,Jambhivali  Tarf Kunde,863
Kharade,1266,20.006283,73.790246,151,0.5,Kharade,1266
Palsoli,117,19.36385,73.277273,40.570755,0.5,Palsoli,117
Shiravali,1891,19.161903,73.173313,37,0.5,Shiravali,1891
Vedhe,1195,19.447982,73.065873,33.090279,0.5,Vedhe,1195
Jamghar,533,19.230318,73.457847,48,0.5,Jamghar,533
Bhavehar,888,19.584239,73.065878,43.305855,0.5,Bhavehar,888
Wakadi,311,18.603186,73.762546,41,0.5,Wakadi,311
Aswali,2165,20.092593,72.795416,44.99966,0.5,Aswali,2165
Shahapur (CT),11623,19.455924,73.329604,60.808968,0.5,Shahapur (CT),11623
Shavate,1066,19.827564,73.117257,82.092186,0.5,Shavate,1066
Neharoli,2490,19.593076,73.116543,49.045086,0.5,Neharoli,2490
Chavare,1116,19.247244,73.285382,46.588989,0.5,Chavare,1116
Pimpalshet  Bhuishet,747,19.388911,72.995036,26.165815,0.5,Pimpalshet  Bhuishet,747
Chandroti,1013,19.464284,73.285013,95.206711,0.5,Chandroti,1013
Asangaon (CT),13104,19.438442,73.304795,77.110664,0.5,Asangaon (CT),13104
Modgaon,5360,20.056162,72.975764,114.209526,0.5,Modgaon,5360
Chasole,907,19.342925,73.628134,172,0.5,Chasole,907
Tetawali,1323,19.779261,73.049558,40.305389,0.5,Tetawali,1323
Mhasad,422,19.876087,72.891423,77.904106,0.5,Mhasad,422
Sajai,1489,19.100127,72.846122,104,0.5,Sajai,1489
Goleghar,168,19.60085,73.148975,49.983681,0.5,Goleghar,168
Koshimbade,1054,19.486611,73.191831,63,0.5,Koshimbade,1054
Bursunge,533,19.422816,73.606883,116,0.5,Bursunge,533
Tembhare Bk.,850,19.269943,73.417163,85,0.5,Tembhare Bk.,850
Ogada,648,19.721,73.290541,137.396332,0.5,Ogada,648
Bilghar,490,19.636191,73.224093,75.254326,0.5,Bilghar,490
Khapari,1318,21.049997,79.033329,94,0.5,Khapari,1318
Savaroli,320,19.718467,73.028032,48.133839,0.5,Savaroli,320
Bopdari,1543,20.100765,73.222089,139.50444,0.5,Bopdari,1543
Ghagurli,342,19.190821,73.497493,106,0.5,Ghagurli,342
Kalanbhad(Bhondivale),1017,19.242101,73.603578,170,0.5,Kalanbhad(Bhondivale),1017
Kondgaon,2049,19.817532,72.98444,56.411976,0.5,Kondgaon,2049
Nishet,521,19.660161,73.259838,78,0.5,Nishet,521
Borivali Tarf Rahur (CT),5780,19.375483,73.179212,26.64007,0.5,Borivali Tarf Rahur (CT),5780
ManivaliKh.,979,19.270208,73.532909,89,0.5,ManivaliKh.,979
Kanharle,798,19.246116,73.532482,112,0.5,Kanharle,798
Dahigaon,496,19.499997,75.183327,114,0.5,Dahigaon,496
Tilgaon,944,19.563478,73.153921,73.471718,0.5,Tilgaon,944
Mohap,392,19.277731,73.47585,89,0.5,Mohap,392
Umbhrai,1314,19.380412,73.469631,71.83493,0.5,Umbhrai,1314
Saralgaon,2057,19.283328,73.499999,76,0.5,Saralgaon,2057
Inde,885,19.278683,73.562358,102,0.5,Inde,885
Fangane,496,19.317296,73.669373,140,0.5,Fangane,496
Nehroli,875,19.368074,73.39456,81.424652,0.5,Nehroli,875
Umbarpada,1456,20.557984,73.595314,96,0.5,Umbarpada,1456
Shahapur,70710,19.449998,73.333329,51.224995,0.5,Shahapur,70710
Ghotgaon,1710,19.46612,73.049432,26.761963,0.5,Ghotgaon,1710
Vasundri,1164,19.318771,73.243913,31.279438,0.5,Vasundri,1164
Vehlonde,660,19.521362,73.19008,60.712414,0.5,Vehlonde,660
Dabhad,1617,19.430488,73.135361,44.212719,0.5,Dabhad,1617
Apate,1911,19.406534,73.541744,143.337265,0.5,Apate,1911
Shendrun,557,19.362197,73.373164,106.56144,0.5,Shendrun,557
Tuse,1548,19.624929,73.157881,46,0.5,Tuse,1548
Kasgaon,1320,19.289674,73.556468,81,0.5,Kasgaon,1320
Dahivali Kumbhiste,799,19.692978,73.179639,78.60524,0.5,Dahivali Kumbhiste,799
Vivalvedhe,1754,19.934506,72.934152,86.260368,0.5,Vivalvedhe,1754
Vijapur,1012,19.612174,73.139386,51.867435,0.5,Vijapur,1012
Belwali  ,565,19.420358,73.59769,132.754059,0.5,Belwali  ,565
Talegaon,1395,20.149996,73.816668,136,0.5,Talegaon,1395
Urse,1095,19.856132,72.873502,148,0.5,Urse,1095
Kukase,806,19.335389,73.145015,29.531929,0.5,Kukase,806
Kasghar,603,19.65617,73.205158,63.501129,0.5,Kasghar,603
Majivali,1194,19.446349,72.949604,23.116966,0.5,Majivali,1194
Manipur,1458,19.975781,72.836778,52.376987,0.5,Manipur,1458
Saralambe,1873,19.463942,73.40247,63.423332,0.5,Saralambe,1873
Khaire Ambivali,519,19.552467,73.177737,66.897377,0.5,Khaire Ambivali,519
Runde,874,19.30752,73.244837,24.322517,0.5,Runde,874
Khaire,306,19.473491,73.44012,68,0.5,Khaire,306
Kuhe,2104,19.376241,72.975583,168.172134,0.5,Kuhe,2104
Palshin,228,19.951726,73.12543,162.001328,0.5,Palshin,228
Eksal,794,19.50083,73.142627,33.281689,0.5,Eksal,794
Vadape,1623,19.336882,73.110698,30.354864,0.5,Vadape,1623
Usroli,661,18.382603,72.940465,33,0.5,Usroli,661
Adivali Dhokali  (N.V.),6910,19.09958,73.061188,28.461432,0.5,Adivali Dhokali  (N.V.),6910
Pali,796,19.666667,73.083327,43.544403,0.5,Pali,796
Mohaghar,1109,19.157515,73.389201,147,0.5,Mohaghar,1109
Sawane,3008,20.094489,72.872225,40.725777,0.5,Sawane,3008
Shidgaon ,535,19.330174,73.325182,34,0.5,Shidgaon ,535
Chimbave,1339,20.039047,72.740351,21,0.5,Chimbave,1339
Sumadi,1066,19.159882,73.242861,28.247679,0.5,Sumadi,1066
Kalamvihira,383,19.870811,73.166297,186.493668,0.5,Kalamvihira,383
Yeve,781,19.167414,73.325491,80.990013,0.5,Yeve,781
Patilpada,441,19.99642,72.813041,54.309711,0.5,Patilpada,441
Baradi,3418,19.239246,73.130087,42,0.5,Baradi,3418
Palu,489,19.26371,73.650678,179,0.5,Palu,489
Newade,658,21.349324,74.764859,143,0.5,Newade,658
Fangaloshi,806,19.377127,73.64939,75,0.5,Fangaloshi,806
Varai Bk.,112,19.643241,73.200598,59.025585,0.5,Varai Bk.,112
Varale,913,19.644205,73.114581,48.052769,0.5,Varale,913
Kawad Bk.,1507,19.357511,73.056306,23.085485,0.5,Kawad Bk.,1507
Vangani,1268,19.09286,73.297175,41.238945,0.5,Vangani,1268
Nimbavali,633,19.334407,73.095126,20.622862,0.5,Nimbavali,633
Thile,703,19.35866,73.367922,85,0.5,Thile,703
Adivali,219,19.0925,73.066787,31.166595,0.5,Adivali,219
Somate,1761,19.822281,72.944852,88.573318,0.5,Somate,1761
Ganje,1975,18.944589,72.794277,23.968193,0.5,Ganje,1975
Sakharoli,1247,17.742192,73.349528,23.132706,0.5,Sakharoli,1247
Mangaon,324,18.233328,73.28333,55,0.5,Mangaon,324
Moharai,633,21.316666,79.666666,83,0.5,Moharai,633
Malegaon,1044,20.549997,74.533328,82,0.5,Malegaon,1044
Bersheti,277,19.528579,73.168888,44.026443,0.5,Bersheti,277
Sonarpada  (N.V.),15287,19.657329,73.140223,58.291569,0.5,Sonarpada  (N.V.),15287
Kudshet,559,19.402772,73.426216,106,0.5,Kudshet,559
Ghorale,796,19.252731,73.333271,62,0.5,Ghorale,796
Sajan,589,21.009816,75.573096,43,0.5,Sajan,589
Pachchhapur,830,19.447028,73.171825,32.787411,0.5,Pachchhapur,830
Savaroli Tarf Dugad,328,19.467609,73.060618,27.586132,0.5,Savaroli Tarf Dugad,328
